Generating 10000 random solutions. This may take a while...
0%    10%    20%    30%    40%    50%    60%    70%    80%    90%    100%
Done generating solutions! Starting evolution...
 8  6  5  5  8  6  3  7  6 
 1  5  3  2  4  5  2  7  2 
 4  8  2  3  4  3  1  2  2 
 7  5  4  5  8  7  5  8  1 
 4  6  7  2  1  1  9  3  8 
 9  1  8  4  2  7  9  7  6 
 8  5  7  6  4  2  1  3  9 
 5  6  4  8  9  3  7  2  1 
 2  8  1  5  1  7  9  3  6 
0).			AVG: 1.52		MAX: 24		MIN: 0
0%    10%    20%    30%    40%    50%    60%    70%    80%    90%    100%
 8  6  1  6  2  6  3  7  1 
 2  7  3  4  4  8  4  1  2 
 1  1  2  3  1  7  4  4  3 
 5  4  4  9  1  7  5  4  1 
 4  6  7  2  2  7  9  3  3 
 9  1  8  4  5  2  2  2  8 
 2  1  2  7  4  2  1  3  9 
 5  6  4  8  9  3  7  2  1 
 7  8  1  5  6  7  5  9  6 
1000).			AVG: 8.00		MAX: 8		MIN: 8
0%    10%    20%    30%    40%    50%    60%    70%    80%    90%    100%
 8  6  1  6  2  6  3  7  1 
 2  7  3  4  4  7  4  1  2 
 1  1  2  3  1  7  4  4  3 
 5  4  4  7  1  7  5  4  1 
 4  6  7  2  2  7  9  3  3 
 9  1  8  4  5  2  2  2  8 
 2  1  2  7  4  2  1  3  9 
 5  6  4  8  9  3  7  2  1 
 7  8  1  5  6  7  5  9  6 
2000).			AVG: 8.00		MAX: 8		MIN: 8
0%    10%    20%    30%    40%    50%    60%    70%    80%    90%    100%
 8  6  1  6  2  6  3  7  1 
 2  7  3  4  4  8  4  1  2 
 1  1  2  3  1  3  4  4  3 
 5  7  4  7  1  7  5  4  5 
 4  6  7  2  2  7  9  3  3 
 9  1  8  4  5  2  2  2  8 
 2  1  2  7  4  2  1  3  9 
 5  6  4  8  9  3  7  2  1 
 7  8  1  5  6  7  5  9  6 
3000).			AVG: 8.00		MAX: 8		MIN: 8
0%    10%    20%    30%    40%    50%    60%    70%    80%    90%    100%
 6  6  1  6  2  6  3  7  1 
 2  8  3  4  4  8  4  1  9 
 1  1  2  9  1  3  4  4  9 
 5  7  4  7  1  7  5  4  9 
 4  6  7  2  2  7  9  3  3 
 9  1  8  4  5  2  2  2  8 
 2  1  2  7  4  2  1  3  9 
 5  6  4  8  9  3  7  2  1 
 7  8  1  5  6  7  5  9  6 
4000).			AVG: 8.00		MAX: 8		MIN: 8
0%    10%    20%    30%    40%    50%    60%    70%    80%    90%    100%
 6  6  1  6  2  2  3  7  1 
 2  8  3  4  4  8  4  1  9 
 1  1  2  9  1  2  4  4  2 
 5  7  4  7  1  7  3  4  4 
 4  5  7  2  2  7  9  3  3 
 9  1  8  4  5  2  2  2  8 
 2  1  2  7  4  2  1  3  9 
 5  6  4  8  9  3  7  2  1 
 7  8  1  5  6  7  5  9  6 
5000).			AVG: 8.00		MAX: 8		MIN: 8
0%    10%    20%    30%    40%    50%    60%    70%    80%    90%    100%
 6  6  7  6  2  2  3  7  1 
 2  5  3  4  4  8  4  1  9 
 1  1  2  9  1  2  4  4  2 
 5  7  4  7  1  7  3  4  4 
 4  8  7  2  2  7  9  3  3 
 9  1  8  4  5  2  2  2  8 
 2  1  2  7  4  2  1  3  9 
 5  6  4  8  9  3  7  2  1 
 7  8  1  5  6  7  5  9  6 
6000).			AVG: 8.00		MAX: 8		MIN: 8
0%    10%    20%    30%    40%    50%    60%    70%    80%    90%    100%
 6  6  7  6  2  2  3  7  1 
 2  5  3  4  4  8  4  1  5 
 1  1  2  9  1  2  4  4  2 
 5  7  4  4  1  7  3  4  4 
 4  8  7  9  2  7  9  3  3 
 9  1  8  4  5  2  2  2  8 
 2  1  2  7  4  2  1  3  9 
 5  6  4  8  9  3  7  2  1 
 7  8  1  5  6  7  5  9  6 
7000).			AVG: 8.00		MAX: 8		MIN: 8
0%    10%    20%    30%    40%    50%    60%    70%    80%    90%    100%
 6  6  7  6  2  9  3  7  1 
 2  5  7  4  4  8  4  1  5 
 1  1  2  9  1  2  4  4  2 
 5  6  4  4  1  4  3  4  4 
 4  8  7  9  2  7  9  3  3 
 9  1  8  4  5  2  2  2  8 
 2  1  2  7  4  2  1  3  9 
 5  6  4  8  9  3  7  2  1 
 7  8  1  5  6  7  5  9  6 
8000).			AVG: 8.00		MAX: 8		MIN: 8
0%    10%    20%    30%    40%    50%    60%    70%    80%    90%    100%
 6  6  7  6  2  9  3  7  9 
 3  2  7  4  4  8  4  1  5 
 1  1  2  9  1  2  4  4  2 
 5  6  4  4  1  4  3  4  4 
 4  8  7  9  2  7  9  3  3 
 9  1  8  4  5  2  2  2  8 
 2  1  2  7  4  2  1  3  9 
 5  6  4  8  9  3  7  2  1 
 7  8  1  5  6  7  5  9  6 
9000).			AVG: 8.00		MAX: 8		MIN: 8
0%    10%    20%    30%    40%    50%    60%    70%    80%    90%    100%
 6  6  7  6  2  9  3  7  9 
 3  6  7  4  4  8  4  2  5 
 1  1  2  9  1  1  4  4  2 
 5  6  4  6  1  4  3  4  4 
 4  8  7  9  2  7  9  3  3 
 9  1  8  4  5  2  2  2  8 
 2  1  2  7  4  2  1  3  9 
 5  6  4  8  9  3  7  2  1 
 7  8  1  5  6  7  5  9  6 
10000).			AVG: 8.00		MAX: 8		MIN: 8
0%    10%    20%    30%    40%    50%    60%    70%    80%    90%    100%
 6  6  7  6  2  9  3  7  9 
 3  6  7  4  4  8  4  2  5 
 1  1  2  9  1  1  4  4  5 
 5  6  6  6  1  4  1  4  4 
 4  8  7  9  2  7  9  3  3 
 9  1  8  4  5  2  2  2  8 
 2  1  2  7  4  2  1  3  9 
 5  6  4  8  9  3  7  2  1 
 7  8  1  5  6  7  5  9  6 
11000).			AVG: 8.00		MAX: 8		MIN: 8
0%    10%    20%    30%    40%    50%    60%    70%    80%    90%    100%
 6  7  7  6  2  9  2  7  9 
 3  6  7  4  4  8  4  2  5 
 1  1  2  9  1  1  4  4  5 
 8  9  6  6  1  4  1  4  4 
 4  8  7  9  2  7  9  3  3 
 9  1  8  4  5  2  2  2  8 
 2  1  2  7  4  2  1  3  9 
 5  6  4  8  9  3  7  2  1 
 7  8  1  5  6  7  5  9  6 
12000).			AVG: 8.00		MAX: 16		MIN: 8
0%    10%    20%    30%    40%    50%    60%    70%    80%    90%    100%
 6  7  7  6  2  9  2  7  9 
 2  6  1  9  4  8  4  2  5 
 1  1  2  9  1  1  4  4  8 
 2  3  6  6  1  7  1  4  4 
 4  8  7  9  2  7  9  3  3 
 9  1  8  4  5  2  2  2  8 
 2  1  2  7  4  2  1  3  9 
 5  6  4  8  9  3  7  2  1 
 7  8  1  5  6  7  5  9  6 
13000).			AVG: 8.00		MAX: 8		MIN: 8
0%    10%    20%    30%    40%    50%    60%    70%    80%    90%    100%
 8  7  7  6  2  9  2  7  9 
 2  2  1  9  4  8  4  2  5 
 1  1  2  9  1  1  4  4  8 
 5  3  6  5  9  7  1  4  4 
 7  8  7  9  2  7  9  3  3 
 9  1  8  4  5  2  2  2  8 
 2  1  2  7  4  2  1  3  9 
 5  6  4  8  9  3  7  2  1 
 7  8  1  5  6  7  5  9  6 
14000).			AVG: 8.00		MAX: 8		MIN: 8
0%    10%    20%    30%    40%    50%    60%    70%    80%    90%    100%
 8  7  7  6  2  9  2  7  9 
 2  2  1  8  4  8  4  2  5 
 1  1  2  9  1  1  4  4  8 
 5  3  6  5  9  7  1  4  4 
 7  8  7  9  2  7  9  3  3 
 9  1  8  4  5  2  2  2  8 
 2  1  2  7  4  2  1  3  9 
 5  6  4  8  9  3  7  2  1 
 7  8  1  5  6  7  5  9  6 
15000).			AVG: 8.00		MAX: 8		MIN: 8
0%    10%    20%    30%    40%    50%    60%    70%    80%    90%    100%
 8  7  7  6  2  9  2  7  9 
 8  2  1  8  1  8  4  2  5 
 1  1  2  5  1  1  4  4  8 
 5  3  6  5  9  7  1  1  4 
 7  9  7  9  2  7  9  3  3 
 9  1  8  4  5  2  2  2  8 
 2  1  2  7  4  2  1  3  9 
 5  6  4  8  9  3  7  2  1 
 7  8  1  5  6  7  5  9  6 
16000).			AVG: 8.00		MAX: 8		MIN: 8
0%    10%    20%    30%    40%    50%    60%    70%    80%    90%    100%
 8  7  7  6  2  9  4  2  9 
 8  1  1  8  1  8  4  2  5 
 1  1  2  9  1  6  4  6  1 
 5  3  6  5  9  7  1  5  4 
 3  9  7  9  2  7  9  3  3 
 9  1  8  4  5  2  2  2  8 
 2  1  2  7  4  2  1  3  9 
 5  6  4  8  9  3  7  2  1 
 7  8  1  5  6  7  5  9  6 
17000).			AVG: 8.00		MAX: 8		MIN: 8
0%    10%    20%    30%    40%    50%    60%    70%    80%    90%    100%
 8  7  7  9  2  9  4  2  9 
 3  1  1  8  1  8  6  2  5 
 2  1  2  9  1  6  4  6  1 
 5  3  6  5  9  7  1  5  4 
 3  9  7  5  2  7  9  3  3 
 9  1  8  4  5  2  2  2  8 
 2  1  2  7  4  2  1  3  9 
 5  6  4  8  9  3  7  2  1 
 7  8  1  5  6  7  5  9  6 
18000).			AVG: 8.00		MAX: 8		MIN: 8
0%    10%    20%    30%    40%    50%    60%    70%    80%    90%    100%
 8  7  4  9  2  9  8  2  9 
 3  1  1  8  1  9  6  2  5 
 2  1  2  9  1  1  4  6  1 
 5  3  6  5  9  7  1  5  4 
 3  9  7  5  2  7  9  3  3 
 9  1  8  4  5  2  2  2  8 
 2  1  2  7  4  2  1  3  9 
 5  6  4  8  9  3  7  2  1 
 7  8  1  5  6  7  5  9  6 
19000).			AVG: 8.00		MAX: 8		MIN: 8
0%    10%    20%    30%    40%    50%    60%    70%    80%    90%    100%
 8  7  4  9  2  9  8  2  9 
 3  6  1  8  1  9  6  2  5 
 2  1  2  9  1  1  4  6  2 
 1  3  6  5  9  7  1  5  4 
 3  9  7  5  2  7  9  3  3 
 9  1  8  4  5  2  2  2  8 
 2  1  2  7  4  2  1  3  9 
 5  6  4  8  9  3  7  2  1 
 7  8  1  5  6  7  5  9  6 
20000).			AVG: 8.00		MAX: 8		MIN: 8
0%    10%    20%    30%    40%    50%    60%    70%    80%    90%    100%
 8  7  4  9  2  6  8  2  9 
 3  6  1  8  1  9  6  2  5 
 2  1  2  9  1  1  2  6  2 
 1  3  6  5  9  7  1  5  4 
 3  9  7  5  2  7  9  3  3 
 9  1  8  4  5  2  2  2  8 
 2  1  2  7  4  2  1  3  9 
 5  6  4  8  9  3  7  2  1 
 7  8  1  5  6  7  5  9  6 
21000).			AVG: 8.00		MAX: 8		MIN: 8
0%    10%    20%    30%    40%    50%    60%    70%    80%    90%    100%
 8  7  3  8  2  6  8  2  9 
 3  6  1  8  2  9  6  2  5 
 2  1  2  9  1  7  2  6  2 
 1  3  6  8  9  7  1  5  4 
 3  9  7  5  2  7  9  3  3 
 9  1  8  4  5  2  2  2  8 
 2  1  2  7  4  2  1  3  9 
 5  6  4  8  9  3  7  2  1 
 7  8  1  5  6  7  5  9  6 
22000).			AVG: 8.00		MAX: 8		MIN: 8
0%    10%    20%    30%    40%    50%    60%    70%    80%    90%    100%
 8  7  3  8  2  6  8  2  9 
 3  6  1  8  2  9  6  2  5 
 5  1  2  9  1  2  2  3  2 
 2  3  6  2  9  7  1  5  4 
 3  9  7  5  2  7  9  3  3 
 9  1  8  4  5  2  2  2  8 
 2  1  2  7  4  2  1  3  9 
 5  6  4  8  9  3  7  2  1 
 7  8  1  5  6  7  5  9  6 
23000).			AVG: 8.00		MAX: 8		MIN: 8
0%    10%    20%    30%    40%    50%    60%    70%    80%    90%    100%
 8  7  3  8  2  6  8  2  9 
 3  6  1  8  2  9  6  2  5 
 5  1  2  9  1  2  2  3  2 
 2  3  6  2  9  7  1  5  4 
 3  9  8  6  2  7  9  3  3 
 9  1  8  4  5  2  2  2  8 
 2  1  2  7  4  2  1  3  9 
 5  6  4  8  9  3  7  2  1 
 7  8  1  5  6  7  5  9  6 
24000).			AVG: 8.00		MAX: 8		MIN: 8
0%    10%    20%    30%    40%    50%    60%    70%    80%    90%    100%
 8  7  3  8  2  6  8  2  9 
 3  1  1  8  2  9  6  2  5 
 5  1  1  9  1  2  2  3  2 
 2  2  6  2  9  7  1  1  4 
 3  5  8  6  2  7  9  3  3 
 9  1  8  4  5  2  2  2  8 
 2  1  2  7  4  2  1  3  9 
 5  6  4  8  9  3  7  2  1 
 7  8  1  5  6  7  5  9  6 
25000).			AVG: 8.00		MAX: 8		MIN: 8
0%    10%    20%    30%    40%    50%    60%    70%    80%    90%    100%
 8  7  3  8  2  1  8  2  9 
 3  1  1  8  2  4  6  9  5 
 6  1  3  9  1  2  2  3  2 
 2  2  6  2  9  7  1  1  4 
 6  5  8  6  2  7  9  3  3 
 9  1  8  4  5  2  2  2  8 
 2  1  2  7  4  2  1  3  9 
 5  6  4  8  9  3  7  2  1 
 7  8  1  5  6  7  5  9  6 
26000).			AVG: 8.00		MAX: 8		MIN: 8
0%    10%    20%    30%    40%    50%    60%    70%    80%    90%    100%
 8  7  3  8  8  1  8  2  7 
 3  1  1  8  2  7  6  9  5 
 6  1  3  9  1  2  2  3  2 
 2  2  6  2  9  7  1  1  4 
 6  5  8  6  2  7  9  3  3 
 9  1  8  4  5  2  2  2  8 
 2  1  2  7  4  2  1  3  9 
 5  6  4  8  9  3  7  2  1 
 7  8  1  5  6  7  5  9  6 
27000).			AVG: 8.00		MAX: 16		MIN: 8
0%    10%    20%    30%    40%    50%    60%    70%    80%    90%    100%
 8  7  3  8  8  1  8  2  6 
 7  1  1  8  3  7  6  9  5 
 6  1  3  9  1  7  2  3  2 
 2  2  6  2  9  4  1  1  4 
 6  5  8  6  2  7  9  3  3 
 9  1  8  4  5  2  2  2  8 
 2  1  2  7  4  2  1  3  9 
 5  6  4  8  9  3  7  2  1 
 7  8  1  5  6  7  5  9  6 
28000).			AVG: 8.00		MAX: 8		MIN: 8
0%    10%    20%    30%    40%    50%    60%    70%    80%    90%    100%
 8  7  3  8  8  1  8  2  7 
 6  1  1  8  3  1  6  9  5 
 6  1  3  9  1  2  2  3  2 
 2  2  6  2  9  4  1  8  4 
 6  5  8  6  2  7  9  3  3 
 9  1  8  4  5  2  2  2  8 
 2  1  2  7  4  2  1  3  9 
 5  6  4  8  9  3  7  2  1 
 7  8  1  5  6  7  5  9  6 
29000).			AVG: 8.00		MAX: 16		MIN: 8
0%    10%    20%    30%    40%    50%    60%    70%    80%    90%    100%
 8  7  3  8  8  1  8  2  4 
 6  1  1  8  3  1  6  9  5 
 6  1  3  9  1  2  2  3  2 
 2  2  6  2  2  4  5  8  4 
 6  5  8  6  2  7  9  3  3 
 9  1  8  4  5  2  2  2  8 
 2  1  2  7  4  2  1  3  9 
 5  6  4  8  9  3  7  2  1 
 7  8  1  5  6  7  5  9  6 
30000).			AVG: 8.00		MAX: 8		MIN: 8
0%    10%    20%    30%    40%    50%    60%    70%    80%    90%    100%
 8  7  3  8  1  1  8  2  4 
 6  1  4  8  3  1  2  9  5 
 6  1  3  9  1  2  2  3  2 
 2  2  6  2  2  4  5  8  4 
 6  5  8  6  2  7  9  3  3 
 9  1  8  4  5  2  2  2  8 
 2  1  2  7  4  2  1  3  9 
 5  6  4  8  9  3  7  2  1 
 7  8  1  5  6  7  5  9  6 
31000).			AVG: 8.00		MAX: 8		MIN: 8
0%    10%    20%    30%    40%    50%    60%    70%    80%    90%    100%
 6  7  3  8  1  1  8  2  4 
 6  1  7  8  3  1  2  9  5 
 6  1  3  9  1  8  9  5  2 
 2  2  6  2  2  7  5  8  7 
 6  5  8  6  2  7  9  3  3 
 9  1  8  4  5  2  2  2  8 
 2  1  2  7  4  2  1  3  9 
 5  6  4  8  9  3  7  2  1 
 7  8  1  5  6  7  5  9  6 
32000).			AVG: 8.00		MAX: 16		MIN: 8
0%    10%    20%    30%    40%    50%    60%    70%    80%    90%    100%
 6  7  3  8  1  1  8  2  7 
 6  1  7  9  3  1  2  9  5 
 6  1  3  9  1  8  9  5  2 
 2  2  6  5  2  7  5  8  4 
 6  5  8  6  2  7  9  3  3 
 9  1  8  4  5  2  2  2  8 
 2  1  2  7  4  2  1  3  9 
 5  6  4  8  9  3  7  2  1 
 7  8  1  5  6  7  5  9  6 
33000).			AVG: 8.00		MAX: 16		MIN: 8
0%    10%    20%    30%    40%    50%    60%    70%    80%    90%    100%
 6  7  3  8  6  1  8  2  4 
 6  1  7  9  3  1  2  9  5 
 6  1  3  9  1  8  9  5  2 
 2  2  6  5  2  7  5  8  2 
 6  5  8  6  2  7  9  3  3 
 9  1  8  4  5  2  2  2  8 
 2  1  2  7  4  2  1  3  9 
 5  6  4  8  9  3  7  2  1 
 7  8  1  5  6  7  5  9  6 
34000).			AVG: 8.00		MAX: 8		MIN: 8
0%    10%    20%    30%    40%    50%    60%    70%    80%    90%    100%
 6  7  3  8  6  6  8  2  4 
 6  1  7  9  3  1  9  4  5 
 6  1  3  9  1  8  9  5  2 
 4  2  6  5  2  4  5  8  2 
 6  5  8  6  5  7  9  3  3 
 9  1  8  4  5  2  2  2  8 
 2  1  2  7  4  2  1  3  9 
 5  6  4  8  9  3  7  2  1 
 7  8  1  5  6  7  5  9  6 
35000).			AVG: 8.00		MAX: 8		MIN: 8
0%    10%    20%    30%    40%    50%    60%    70%    
